function y = get_y_inter()
  y = [132 ; 136 ; 149 ; 152 ; 149 ; 150 ; 143 ; 135 ; 126 ; 127];
